4294967279,93
4294967278,351
4294967279,94
4294967278,166
4294967279,543
4294967278,350
4294967279,95
4294967279,542
4294967278,349
4294967279,541
4294967278,348
4294967279,96
4294967279,97
4294967279,540
4294967279,98
4294967279,539
4294967279,538
4294967278,151
4294967279,99
4294967278,347
4294967278,346
4294967279,100
4294967278,345
4294967278,174
4294967279,537
4294967278,147
4294967279,536
4294967278,344
4294967279,535
4294967279,534
4294967278,343
4294967279,102
4294967279,101
4294967278,139
4294967279,103
4294967279,533
4294967278,342
4294967278,137
4294967279,532
4294967278,341
4294967279,531
4294967279,106
4294967279,105
4294967279,104
4294967279,530
4294967278,134
4294967279,110
4294967279,109
4294967279,108
4294967279,107
4294967279,529
4294967278,340
4294967279,271
4294967294,127
4294967294,14
4294967294,126
4294967294,20
4294967294,13
4294967279,118
4294967279,117
4294967279,116
4294967279,115
4294967279,114
4294967279,113
4294967279,112
4294967279,111
4294967278,276
4294967278,284
4294967279,267
4294967278,339
4294967279,279
4294967278,6
4294967278,5
4294967278,4
4294967279,132
4294967279,131
4294967279,130
4294967279,129
4294967279,128
4294967279,127
4294967279,126
4294967279,125
4294967279,124
4294967279,123
4294967279,122
4294967279,121
4294967279,120
4294967279,119
4294967279,528
4294967278,272
4294967279,278
4294967278,283
4294967278,271
4294967278,268
4294967279,263
4294967278,267
4294967279,262
4294967279,527
4294967279,259
4294967279,526
4294967278,338
4294967279,525
4294967279,256
4294967278,262
4294967279,255
4294967278,261
4294967278,16
4294967278,15
4294967278,14
4294967278,13
4294967278,12
4294967278,11
4294967278,10
4294967278,9
4294967278,8
4294967278,7
4294967279,253
4294967278,337
4294967279,524
4294967278,257
4294967279,523
4294967278,336
4294967278,36
4294967278,35
4294967278,34
4294967278,33
4294967278,32
4294967278,31
4294967278,30
4294967278,29
4294967278,28
4294967278,27
4294967278,26
4294967278,25
4294967278,24
4294967278,23
4294967278,22
4294967278,21
4294967278,20
4294967278,19
4294967278,18
4294967278,17
4294967279,22
4294967279,21
4294967279,19
4294967279,17
4294967279,15
4294967279,14
4294967279,13
4294967279,12
4294967278,256
4294967279,522
4294967278,335
4294967278,334
4294967279,521
4294967278,255
4294967279,520
4294967279,519
4294967278,333
4294967279,518
4294967278,254
4294967279,517
4294967279,516
4294967278,332
4294967278,331
4294967278,253
4294967278,250
4294967278,244
4294967278,248
11,5
11,4
4294967278,246
11,3
11,2
11,1
4294967278,245
4294967278,242
4294967278,240
4294967279,515
4294967278,238
4294967278,237
4294967294,389
4294967294,120
4294967294,114
4294967278,236
4294967278,330
4294967279,514
4294967278,234
9,6
4294967278,228
4294967278,231
4294967278,229
9,5
4294967278,226
4294967294,89
4294967278,224
9,4
9,3
9,2
9,1
4294967278,222
4294967278,221
4294967278,219
4294967278,217
4294967279,513
4294967278,215
4294967278,329
4294967279,512
4294967294,99
4294967294,107
4294967294,90
4294967294,86
4294967294,85
4294967294,29
4294967294,419
4294967294,53
4294967294,437
4294967294,427
4294967294,40
4294967294,37
4294967294,36
4294967294,39
4294967294,42
4294967278,328
4294967278,211
4294967278,327
4294967279,319
4294967278,326
4294967279,318
4294967278,209
4294967279,317
4294967278,325
4294967278,207
4294967279,316
4294967278,324
4294967278,205
4294967279,315
4294967278,323
4294967278,322
4294967279,314
4294967278,202
4294967279,313
4294967278,321
4294967279,312
4294967278,320
4294967278,199
4294967294,51
4294967278,319
4294967279,311
4294967278,197
4294967278,196
4294967279,310
4294967278,318
4294967279,309
4294967279,308
4294967278,193
4294967278,192
4294967294,88
4294967278,191
4294967294,199
4294967294,195
4294967294,193
4294967294,1042
4294967294,1027
4294967294,1026
4294967294,421
4294967294,176
4294967294,173
4294967294,170
4294967294,163
4294967294,92
4294967279,307
4294967278,317
4294967279,306
4294967278,316
4294967279,305
4294967278,188
4294967278,187
4294967278,315
4294967279,304
4294967278,185
4294967278,314
4294967294,1032
4294967294,186
4294967279,303
4294967278,313
4294967279,302
4294967278,312
4294967278,181
4294967279,301
4294967278,180
4294967278,311
4294967278,179
4294967278,178
4294967278,175
4294967278,177
8,5
8,4
4294967278,176
8,3
8,2
8,1
4294967278,310
4294967278,173
4294967278,172
4294967279,300
4294967278,171
4294967294,5
4294967278,170
4294967294,1077
4294967294,424
4294967278,169
4294967278,309
4294967279,299
4294967279,298
4294967278,168
6,6
4294967294,468
4294967278,165
4294967279,297
4294967279,260
4294967278,308
4294967278,307
6,5
4294967278,164
4294967278,163
6,4
6,3
6,2
6,1
4294967279,296
4294967278,162
0,7
4294967278,306
4294967279,295
4294967278,305
4294967279,294
4294967278,304
4294967278,158
4294967278,303
